46263534544841221479901178164
204042969137393951479997182821
51303294790336851479902698330
55333091405672821479979000785
96541290432297841479906625053
21704907800699491479909611615
143177121505293711479998371353
86799631607158161480011017303
9066568343741311479898469828
37547038625388021480068269496
53241779541857161479906678945
37261891365051271480021413547
27339335172808531480067410245
56085685966037471479993790134
103304173882394551479845559917
40134051567978581479854949070
55397541459295191480057182473
419398799785169751479911577416
95060182016263251479904935545
31807289209358361479903280891
58299989416375311480063809498
280513784615322951479854605357
85761744001469681479986375778
72240055152041341479991665758
95411128952544911479847755817
65309922465585511479907792837
51027580912401321479996446893
056088426836106821480077934210
170320444641012261479989962588
261288112282339831479973079433
43090737115817881479985412794
086473232709668891480064581970
91518521047365781479988753791
9369941132822451479886907134
88784559496837961479891246296
79809257032998931479913257389
167141235666349531479890099029
0055261958200925051479987583120
371614299672956671479856451686
95230569157949941479989159764
8436887428340661479878129190
75071727537823141480097945320
080815259921507951480085478200
136379670732891921479886491328
72127868899281491480082762463
202024728586915561479988113160
054333492464050391479899353791
90315222417657441480062251259
59007304534316061480053974279
56088619567971491479899298324
038429183806209521479912373991
72284160461276771479934656940
44679070418289671479901908079
464940717515430761479998164924
81712646773451091479990501949
71518827351739981479985608748
85815112395576691479998797478
14290823207506411480014336039
90833859960965361480065065684
93490649256788191479909155353
298949916125107241479987978084
69886877398565561479865631144
30565477901946771479937890784
77979228771079741479902055046
95976261119358241479863665460
94800619182519931479973719046
39357976640361761479875624948
33374288113401151479996570261
0158372907343171661480003231191
70668698169921631479890383501
98911058584995071480084565100
28988369389899151479908282565
81528172548345431479994931983
59617458628787551479923953854
270640666720284751479880165662
474736462531580861479906325548
59571512736884591479902405824
91386566815563811479892869265
30639819867164641479899399127
191272432120096981479887182750
36347352706651791479998349870
36159094135400611480052943307
53685493343526971479888109560
75028046376563661479897699722
4532409333239581479977916710
300219677652433071479971600642
347491740592999141479888405982
0236353090670913261479895134803
64687567610681821479895591922
0307377897568830161479915656115
182696687234832451479844740506
92107825578194241479961173195
95874765491719161479894482195
37111301530747821479998008645
497061669264000861479888313878
61405761772766711479934201925
158615149715555241480006084979
0200959527431077151479995556660
334038005494865061480037895951
50312163695504171479897065494
68589891977136341480066871089
130824319785460831479970584868
55594698576024661480093374219
96509075549067781480076060199
4600642143683341479979818002
72169536853087931480080898706
14248511515118811479907162434
208822117368925861479987119654
42199376033542711480011834829
461215156539588161479881159186
54646174004301431479894501097
344941515526641761479898402893
352685375439275361479989758160
140574083995380961479899658469
215453506513500151479972575914
76920935387836241479997456389
62880495491707111479910208792
603119809912591479988500630
97875930274066621479896276011
20236661730923461479899475239
61002806272167991479903016169
55981128175057121479998305814
52654145405915531479965289130
36877712649197371479862422589
57286181949068591479854807975
62322893478233921480083727223
71057561784925871480070648166
211646846451676531479922350486
88251699408821121479870900024
80818264116146831479903015301
406028232342993341480013422456
9992412320517971479896943761
49533337985726211479901498606
171841307620958841479853558499
351079849088140161479905049045
42062029873165011479993981076
66065635522294191479984442238
39752120084076581479852782563
43757481437112021479878924949
428006793633658461479890420163
197249294841690181479842759143
186479581985622641479898054205
52757545566026941480016381358
315317793293845131479975924312
0120613502419142921479999510096
37299060019691411479854182447
68964699974712421479985799234
063341480112236281479862655956
215996123252179871479998382249
192177787996619221480004784342
61427869880571961479850161196
092725607045705651479853114700
86535959343333471479908067187
30392552849626211479917009158
37849024578748971480081492803
59043730497472671479958780159
071067042019130391479864739678
62538264323272141479981880645
381685541040329371480051459271
0499078896593341261480007675287
95301661887109251480059712368
067456361139193181479886284364
79998061775444241479886488559
99101106330813551479928268285
491466614872963841479900685296
65996120705917231479970936844
42610160784790631480001530512
378274191980576551479900225959
381471261745495841480082902013
0073690442368388181480095657486
367438431339914831480066620115
86663746807419081479881596083
28302964426252221479952543450
09871218788164861479989053165
56504558578596151479860213307
46127316625826521479885847864
8378675425082841479897350789
44593989329778561479849792035
239414822014713871479902993994
28424491258476571479981434074
408217640472873061479988991423
0092851404408764721479876322185
81143435131704741479897607492
46163930494264351480030682052
277853725069732161479897280125
82768683917343361479851588729
2895019307966051479849281631
81112141678684861479843714156
82856575659991581479907939273
27637121431075861479870283386
255287756737327071479922298683
058693715168130271479928891968
423078414051716531479913185375
260805665802757771480016989255
34303885461376551480059201772
0235987749875721241480088364828
07331006135791541479891214403
293056099583686171479870366566
32085848791488521479898010663
56345166475244971479880692102
123053882016353031479986987938
8853590921014241479923170577
072710804089327171480070758512
0055528376839992791480067996301
82103889875296331479855132764
39165757980488891480024962953
16918497909173541479972006827
316723308128486151479910047548
98011382004319821479893027379
74169896490868341479898592105
80676716916060241480009992347
043091592475081431479899521290
203039104351773861479919818259
29372284034779031479913042810
59884363529073761479901077783
345474373268964131479890872753
87610429075897621479910843143
28075668804745621480045135876
18486705988403651479898312851
19841572543904231479923887589
35216217590596721479894384750
74576351942526651479911316718
33268908596587131479987513025
55344282596308951479928711800
44113941508102461479922470998
49521240878085891479917757188
47314728777208791479988334611
072906350691878231480017212868
69492342892670581479997724808
225302445364182981480042077632
136457403992112041479900358176
77907293464255411479996484300
68505533747038831479888256735
36828147083214271479979535508
58657073886252941480074118935
165987357536626861479905419533
76944949044598541479986836922
69895480701641071479912679403
89553589531179981479997435892
74704624549485741479878599418
287848364923213531480071122904
71382823272581811479869544449
301851350086305371479891090091
48672069392088371479975865843
80561693408526481479996128384
33339503659383531479987672241
472150189180972961479903568046
56810479979167691479915229321
157636525027340821480088246093
186380435948152461480080019945
34279468277536851480081517997
75442710702861221480070000212
636048700023471479867917589
326876900844525141479885623101
8818962038230481480094277619
44120365993064491480093770754
337333743590968461480056737778
27760099641554661479994126822
58893902584170711480080517217
57781464495244171479866437433
8318150331751871479882884635
82637651607277061480005941067
79602510825993931479994199588
98919276765077191480085678865
139057066523580851479907293361
0368069193000681861479894412031
282543137997013251480088234107
271381531456693861479976359244
55597004524650961479890851902
26854797133483711480018762665
90556573547048711479924135034
42206673598927491480077144748
14353133240494371479903168063
45587130231769451480013580645
66727283372055191479900711452
0062345404434726031479897033901
150088278817641861480087834762
51397783635976051479893749464
270378621078081861479974416024
80811699355353221479903821198
96208318859693881479934829337
842696724021981479883959864
75890331839806911479914649598
176773025564959551480066453569
0193157004556321341479886318866
9389566817839981480007652193
90390718313830211479899515860
26107427227963621479847718118
90439761782930691479901628336
150211974279955031480048441844
849032676983371480078633722
050977935425815971479861393719
5962144136510151479843642630
28956915623658351479906776809
349133047465396531479855226565
72634103204796931479986710825
81122529940517071479965705029
070423428410553051480076056050
09095753481179171479896746045
195029636856345331479936079250
060387138282754771479895315441
161168617575782881479897227432
155989173133825881479867660851
17449019224516211479911444249
96881226599279891479980551299
213947438934018571480024994904
219379440864059921480085903018
15850122381328471479911271080
44469104412339911480013676873
8674726269928991479972797385
76343002333305781479985955976
90631642285774381479988599025
5419050735613731479844040144
75068157473878341479891776527
234170237569823581479920075618
41637271814250031479989129616
87038540023771441479906536239
094085495396744931479850274702
24774421936953941479845977604
79649306459344651479855703796
52910228585824371479991796528
381948752763540341479994966795
30098040416868231479984938317
44943994045243211480056256995
193024347139031161480069679271
0517340883816064251479873425432
88394374505168751480087151266
87597235493602821479991417238
70575190191548161479906179238
81985198039541231479980154709
54748720414277761479899535572
62696954393329811480065592762
110514517106056421480072313611
103524112346020441479895080811
88505594713403381479985592481
65822369031930171479853848686
90171960846876351480094536967
83709239118955051480078032307
61011338726176371480058790236
108470798288796241479902994893
66261557697620921479850665120
30903601364225121480082268312
79949454628567371479945036365
12625231592051479902500977
7602717620267841479874017362
95964786609653511479887049463
109921559769867731479912789398
62586636774496981479975502059
65832459670491521479902135518
96769475311038461480049455578
279087852367597031479995607706
56229423356152371479887830933
99041694229564241479879931679
114996969306831681479921048400
57524441680105691479877342716
72870575129547751479884232110
423878870409843961479973305073
87561673443679711479996802316
42444775056803511480016663566
54320232465302481479882274439
72933210828341541479899723313
111179879614485171479974270680
84402680232346011480043737728
5181484977265181480016123432
218106026886147441479977827558
390157789784190361479984624565
41247315604721611479887306104
93019821692790351480075542848
86298107326542481479898280677
29579314120534031479905085064
62167442576272691480081290583
5279037310380991479903837315
73795463664803761480083162364
46792262076327141480016210167
488110888385352441480000136927
352809503032404661480072828555
79910536426815491479899218104
8302356658291071479999424056
91545837836205851479854362911
76305004126042091479980603153
3253707254733691480022533452
92592203518414571479897792021
83795424205077431479973928871
156955927956650371479907958093
271037893190270831479849987722
86044361430939411479908302472
56846099890088091479906190902
080973933916538951480014865351
168301247221899431480053317611
284911435920268241480004798217
121671539627086651479898651414
75630030709756871480096354016
96089618520224211479908206326
389394128614785951479929431179
0262770761804298481479969053357
2974395689882091479897550767
078077416386807651479931759502
64451401169932571479975660053
91208824376244731479897600547
160765606179888781479977608486
98136209865428411479866819332
333619968942563851480093875714
48710426243052561479897227925
78247462754789531479930518024
89437055346690751479981773195
66784424549664761479893375889
52008557723763491479890570934
346742335072646851479891057651
485156741656345871479925435838
49800270280293371479929467252
59375220647633851480087718159
39690337111228371479887765689
81820996992462861479901373974
292157973628491161479895817620
41081413102480791479980366152
92690098355992051479905478417
78665944375097751479980415989
98837444991696581479880991873
70736797429981491479979361282
98581374665007831479991792215
3630955699824011480086012108
118579532718285921480058673867
09261200502370771480059287220
81938346244234421479985954404
44215693840002171479907782535
72235938809464681479978315491
44107662245336251479995044163
90754077123932841480079549652
77015493897992291480093892214
466441845014518461480060118890
132224374341201931479899187660
65883406694065061480080109926
71052976404736331479999648748
096498623133127071479891335773
53861683027234421479905500875
62627653669674111479991352576
062721140617347571479986262085
034625303840138511480081482669
85626837446018951479981516511
0233746290728922281479895712810
266380969110417751479898258139
69707705977518081479908035702
236738273861993251480069206319
426968536625311531480064279304
045242776477062651480075913593
148812810394136851479905139395
82047009427551991480003095051
288795287556455451479886929860
89568603292404191479896262572
77466858988855281479895787775
51595246968382571479979518127
81515321383029861480014500920
7979745985859851479948214662
52859058385920381479995450543
38106311918125881480017395257
45070659911368461479849358777
76229441966906571479995622284
494963541876802361479925645923
92382851790255961479897109316
97813613610805821479987734538
454987219885643951480002446074
99935105255854721480071223779
88196407887153331479909807849
83604045178140511479851888544
99260448029381921479909392424
62371872958873611479890316537
96503745527647841479913891046
7604420537266231479911350795
56574498451228751479932985322
92831014153475981479959651010
12862986241005371479987648351
087771730905483511479989973494
77908625546573871480032897013
42159431800246241479882428897
00092585233178610341479908477037
60185649150112561479885788204
92235821760154481479850354280
87742465840937141479958432891
07215271781995481480063713825
56860534967378241479870614242
29391758128408151479932737832
275943492987851261480088539431
163135398295488621479924169887
94297213177158671479976081675
190037672199030341480051060154
51222093227683651479853442854
211332486539097751479981106324
18861857308143661479854553115
113410980899557371479978352525
108793062390759591479844236240
94789480343845491479909827718
60775175904859211479888331461
71724298027658141479889844533
62132645219305021480089289016
3481137065682561480085095116
41436701384485251479887149195
92064502518423171479935933882
6038333438763281479987203204
84757218784027531480009937281
0291797163195910431479981838933
66968790512420661479981878674
218008000119436271480061702562
56274895769916441480037899047
224536032650843321479986036390
129766556262989271479922190142
73785719154012321479889950489
79493095462251941480071293448
96099952697559331479898879620
442205676284374351479848056165
91484093241251021479897384874
015065519372001291480012547275
68329386788244561479990391244
060941420444621251479982720377
00129906881978181231479901851274
54985782242146591479973772951
69419015636409931480000323631
19106531428391561480095985189
71547298452093091480067368748
51166117123337461479880193224
30769408508809161479986995964
98116574246004771480078383075
49028997379355131479924115723
27454430148474461480007485883
164667299013899431479899718385
53202522647738881480009990381
740171263359751479879308683
94523204072536091479970756500
0416853605937947961480066636594
91648653392842061479980793950
047216269291800231479929413884
307980890353884541479909462995
2782699240143521480015589105
6836873955165891479898331942
065349817280622611480030575859
36625197305218581479899387897
56891080041084981479879506084
73909687400016451479932617047
54092796492843841479984945876
216029904828085151479987823792
092030326355393431480074166209
87837159422634661480080823930
21269934718087691479996742014
53551796700752921479980819099
42998689348156161479881369592
205110239052730851479841704877
147612919271093551479860070411
94093359475549351479940337860
53161985564977551479985039300
9945389819234091479981155669
98307354635990011480080754412
49876122221738441479992621210
055606818837548031479907828681
225565693469257371479880747399
76679385100321861480047639043
265213964487898361480078967491
228638673622371781479906765523
043597012782536361479930775188
254561688021985641480079179798
38380206009591181480081210417
32885508420966071479850753956
086120434038185591479981996797
79550862322843721479900396569
93727395555323631479965504195
43602805711960691479988979214
429399951975548361479897152317
156871482119618651479979675390
045833896148666621480010236311
97735471414281671480093745807
9196241625512841479886539711
13835988942181311479922399432
186950111015745431479963666040
95755652311648261479853994610
454071996085258831480069535619
93242923959551641480010860139
64538216278654971479866402688
78848603183403281479985123774
139473526534831471479903409112
153392488134619751479963640459
55911330954954831479973680621
51589681178733391479916358295
96247761774556411479990339929
54271648051640621479910945900
86792959458411491479964783601
14780927882873331479873590255
154902553043299031479892149807
39315328268885851479848019475
033599191578105091479892695994
29192731609850921479920443493
16336290462792391479869292789
38947590238175611479981687949
66456119049221261479844403267
92168253599069331479904054375
78826242518861541479944625201
99029004731019211479882583970
79916548493629411479958900481
98516806524799061480086248818
377812858318296031479868929047
66765916741470031479922685827
25261671526796751479897231348
80147550394758581480009926077
8781171164009721479900076886
99659872822229321479901652453
446043701863024561479901961791
14640767930036571479923950392
88816957199803561479904883196
26211606484731441479989627265
0999268117359161479912275393
191001311426025171479981987555
326234913445757171479957953340
040322524076939261479909711585
8095542643727561479884875790
150262295526594421479932080976
352262845414156531479856421731
1793566104878551480055611143
235522774336432541479985241327
0455633756153281941479995121117
3759564229376141479890272699
63464256469486811479974012318
129627419345748061479982975296
52116433630494671479844893786
9710123988334091480014620217
45305383927726331479877726611
43023248654211721479899786349
485616533971920061480011530504
35444633679753771479921179894
198424483731235781480080847302
341610137951362861479952667478
51734973888816431479980873936
86406879808679891479978418876
214392758692391721479985142211
34444211197996321480085378531
188193114485922741479971016579
46037086534436491479937155752
86096992914776911479893965486
496202773889691251479880380384
79020588412054421479899726264
78689790302192031479905444324
95511501783514931479976297035
64430400145916811479897693172
68178499947059861479987097020
68828956924385841480008833922
41609336357936511479990268132
359437032296236141479854300566
28161366749413181479987760122
296408586594264061479880545913
43659912584104421479889416204
96962705312862131479985087331
37881456871653671480053325388
0321025802435581651480079282631
151146279796198441479928934055
60892306314781311479878982259
66891236296329361479980259472
395476383085239471479984357201
509780315367051479887535373
185184500466098361479991990991
8953563342214011480082860977
52621498988241891479960139973
76935771060976511479901716637
51948339519937091479904529638
185422981101949661479847930124
82220002707484381479876717774
97078727327950261479887618967
09816302205481421479906564414
76026798235212861479987021246
62088232277892531480061410199
81522930087521671479855728429
147042067907063421479850327273
38353628097470621479918725680
36610431129862311479974243940
17454461986574721480030291969
81970796605677721479976686483
87514789670557481479873549975
30958892473721721479893012544
39589714772238141479891648698
61392432549895841479921635688
312158100046437741479974250543
21880041608158131479986658005
7003320653754331479980266213
71787508853024471479987300802
300471709575504061479902174002
384156018262729051479984301927
128111464273499061480006613730
93463508019559051480086443386
098886786827471871479911068041
143381910083767881479855091913
6709400501567871479872212475
318884225742778641479900477655
58930155999097411479971508601
0394709440879523751479876826368
122605108905367691479979515603
65188759916037431479991627957
9818096201372471479992478247
18589545852937351479932129089
40506361613273191480070879595
033942229890548071480093763678
89159645287325341479972494169
51201587004731671479875483643
61749815718439651479879787016
07118232493311051479857118046
60651588404172621479963606233
17790312987296941479852811798
70071929608636841479979719333
89429325446808391479990026194
48935171227265251480080717005
79735922053620811479846492873
200172908964984631479983369488
376861673268698241479975608549
5631939089280121480081137768
375017609868915971480061997296
080699313431978231480045380880
14778846877029151479968824729
399999620301811241479908435276
73007116703074271479980921178
317854327522777871480060600583
387728002107452731479889202604
195726350957433851480051683010
091896242457194081479983789280
0496381647657142541480043976739
52033373646648911479876656152
152112484676763421479965662766
67018770810621221480085086318
59284018478491521479974033356
51011295975322571479982864413
86312100638307591480008557523
7043154858955221479887503613
83316697001321971479887345687
75619424284190951479877698432
203938119401554261479883506278
90011169621720911480057567109
92827695192740881479989298568
94057471642941251479886835301
96701477814138011479965461128
472900425561479271479911352450
218782664028580381479901478916
40432103334971691479973829397
143975182203575971480051093498
42208647734389351479932056316
18392760580216971480095338000
243957544533124351479911378503
26247563245782591480054926617
065026146775333471480055499839
32902206834392891479892443741
703562855720521479931848795
92349595842887091480058427660
84538491766046441479980046117
256227819203661480062837080
0233907258187064931480101015540
161161240630039231479846923760
79186235937087761479904564176
058863709215074781479868432431
87743994076627611480075515302
62899901677890271480088313509
72649436463699991479841059317
74467315152082961479918539442
42798138549715881479984793856
68952662190670181479853801362
45866858077210051479930492857
435318919469250171479981454532
59360896120221021479842988556
61846685194518131479921883484
491071264735817971479979404712
31775551150957691479903523816
27925668107845791479972692199
083348467518614191479896748665
74329294122282621479968094879
64140240572059291479986750978
81269707545650531480068279394
090610875292427061479930042858
73998273981260181479922323049
6914144913102361479896724842
457943408517166971479964435622
197007434313793531479975635109
403079593535210941479853422087
166106801203776851479848666940
80546434450413141479889427235
00307978034302214271479906994256
096070296540576421480005756186
431098001139411441479991602163
41904222492671931480074646169
80567733924240931479934359508
426388351104392441479887096483
53731434260214691479849348887
164429868950125351480057337732
73405510769225661479871597038
85151861771009861479925724269
6247173961136331479859858227
79933604136513551479862709939
52156167255945961479995337088
59790774496026691479905189618
410411962212266831479931640101
53323650323494451479978364428
031192054437738761479934270923
72879807700350781480059009500
151879291515797381479982830778
087498982671065931479990626758
203927810002738631479894193380
19758338773356311479914177394
70847452882805761479883734929
029737737534100361479915750451
0379575860672071161479861678813
275144605131506961480013200938
92454054382818151479849310897
6969440262783551479887094715
97620302660481211479896616936
90881954555927851480016930284
078828991831772171480091544588
785517068420141479849959942
83402079842603331479936950787
38450389255125941479976816402
8338902974897861480080890879
99980097310617571479996600560
94442614629150531479887706414
184709343847992981480014260978
96068621439344911479867406585
96915762487152921479907838860
51898428118124261479919715351
33702878557175221479976600866
193233646378107911479908168922
173532701313391161480074763995
1524455212587291480095728246
325263062437076251479931651248
21267385285642161480011989471
69011915372587711480054334935
33080531425451351479884840189
78531678007676091480056309733
172217234937762421479992346031
6866462799237851480012736661
53479668502437551479846962299
66982112544338521480073667512
84489102615043521480052394349
51386493770405651479931096711
90150802314526091480093872558
7168805559154091479897530744
61077305632740011480076934765
93964913767473611479958929235
53794213211304861479900739467
458632028584472831479995319658
472182700773530751479848803561
088113457219682671479923001374
00465832717198022551479920241639
68359100387168871479974113514
87878827390812611479963958407
225689715746752671479899400278
2726545975134811479882867703
38940502724788351479996130689
47010555163759141480039119234
158885011205975871480089276495
83580291166348931479889424547
107376796070922211479867560679
34480371523477361479890287566
62401532547331231479981993155
240145967809139221479849821563
290257391816251431480082957591
75350314755542171479913802693
9972788499317741479892807146
93223333825278651480006275442
94016662000820081479936084223
45236204994116381479938326515
21296854504932151479885606305
20295523315618481479979417133
300168904902563761479985236312
84151091577458991479910603758
78831389733400071480006601590
74309536027179261479997756771
58980581584422331480089118260
80184995162643691479847966017
41582226351367481479931217775
79305226976443421480086192733
6880066601689191480024727636
96196594138754881479984592175
81033559826638471479890816319
6290707096761051479988823760
56523637423918571479891327639
65124043324210781479910603633
56498500489839291479907608615
68872794719795461480083820833
9333379713352771479985660318
437538955115094661479873800525
324160222819217751480022557759
17178321390351071479983854597
7972340379856621479865830518
67101308271126971479896880641
77027806201924931480061694198
73570512522139291479993570079
89194375067017971479988779941
46151796475504961479983766016
88876593112945561479841942078
415758619920983061479997716998
8928844847250731479897037889
238463609147050451480021108867
58333950500527721480060456701
80874093583617751480075609837
21544871516850151479853062689
94089460551821661480072535313
182006176119435371479917837431
111043103747534341479980249484
82196820876840171479979899846
00198956099861469231479980784886
76578505837397251479911099861
52621336336612971479916357093
098931183024781211479977181273
55386386697525091479889187591
108926904713132491479959858318
90483776763171541479899667394
90355575247357821479978924530
0242204334421036731479853389247
83289595972198671479901592881
26084092349992571479893481338
60004026659838021480011228287
178490894594129921479979220870
0488510989150552351479904273257
7626101686734691480066454894
293329448998551731479935137859
84199997575831011479985527420
079507950550244731479875620076
8373478597831451480078383073
52532218175951571479852280142
89628535069867551479963831727
48030544526073641479897611974
56540072589119111480064028410
69221269497949531479906696988
97960784957025121479895703547
230547361421744151479973581626
47789455344900491480013437026
199258591384579521479901525039
210672569431450191479922397828
64250406570333871479908483312
41328976765778071479905039388
57522735532582041480066616179
92269087132423061479897268239
79922289090177781479897107479
78645550602754021479895142097
68801726388711641479885917818
94929172109711721479888611546
70032716834513161479899698185
98609064732194951480037618272
437268565256661131479845850165
36987388628832951480057592490
60269504038778071479853179717
55873973559816381479981753483
70536568541490041480018294010
99437360374704321479982422611
384189174662601941479853128625
95882111578761141479995995213
60456846321899141479887081560
0457771493445933151480077512903
81226036772060531480018376477
39775500331247281480059059278
320344681321134141480068708717
72394553514581081480076750622
0325730965950763451479996810330
87062065527608331479965345349
96853626167099021479917139795
59600308382208241480045829311
54917385176269681479934424377
0181804679441138761479988177186
29137382706387041479927662728
099794274174048071479908471734
430479465133650541480051080968
43075016217647181479982351153
74982017115689811480076440386
96774491278712891479891508538