46263534544841221479901178164
204042969137393951479997182821
21704907800699491479909611615
143177121505293711479998371353
86799631607158161480011017303
37547038625388021480068269496
85761744001469681479986375778
51027580912401321479996446893
170320444641012261479989962588
086473232709668891480064581970
8436887428340661479878129190
72127868899281491480082762463
90315222417657441480062251259
59007304534316061480053974279
44679070418289671479901908079
464940717515430761479998164924
85815112395576691479998797478
298949916125107241479987978084
30565477901946771479937890784
77979228771079741479902055046
95976261119358241479863665460
39357976640361761479875624948
70668698169921631479890383501
28988369389899151479908282565
81528172548345431479994931983
53685493343526971479888109560
4532409333239581479977916710
347491740592999141479888405982
64687567610681821479895591922
0307377897568830161479915656115
92107825578194241479961173195
37111301530747821479998008645
497061669264000861479888313878
68589891977136341480066871089
14248511515118811479907162434
42199376033542711480011834829
215453506513500151479972575914
97875930274066621479896276011
61002806272167991479903016169
52654145405915531479965289130
36877712649197371479862422589
211646846451676531479922350486
80818264116146831479903015301
171841307620958841479853558499
351079849088140161479905049045
428006793633658461479890420163
197249294841690181479842759143
186479581985622641479898054205
315317793293845131479975924312
68964699974712421479985799234
30392552849626211479917009158
59043730497472671479958780159
62538264323272141479981880645
95301661887109251480059712368
067456361139193181479886284364
99101106330813551479928268285
491466614872963841479900685296
65996120705917231479970936844
42610160784790631480001530512
381471261745495841480082902013
367438431339914831480066620115
86663746807419081479881596083
09871218788164861479989053165
46163930494264351480030682052
81112141678684861479843714156
260805665802757771480016989255
56345166475244971479880692102
072710804089327171480070758512
0055528376839992791480067996301
39165757980488891480024962953
74169896490868341479898592105
80676716916060241480009992347
59884363529073761479901077783
18486705988403651479898312851
44113941508102461479922470998
68505533747038831479888256735
36828147083214271479979535508
58657073886252941480074118935
80561693408526481479996128384
186380435948152461480080019945
75442710702861221480070000212
8818962038230481480094277619
337333743590968461480056737778
139057066523580851479907293361
90556573547048711479924135034
51397783635976051479893749464
270378621078081861479974416024
80811699355353221479903821198
96208318859693881479934829337
75890331839806911479914649598
9389566817839981480007652193
81122529940517071479965705029
09095753481179171479896746045
195029636856345331479936079250
060387138282754771479895315441
96881226599279891479980551299
213947438934018571480024994904
219379440864059921480085903018
90631642285774381479988599025
41637271814250031479989129616
094085495396744931479850274702
79649306459344651479855703796
30098040416868231479984938317
0517340883816064251479873425432
62696954393329811480065592762
83709239118955051480078032307
61011338726176371480058790236
108470798288796241479902994893
12625231592051479902500977
95964786609653511479887049463
109921559769867731479912789398
57524441680105691479877342716
423878870409843961479973305073
42444775056803511480016663566
72933210828341541479899723313
93019821692790351480075542848
62167442576272691480081290583
46792262076327141480016210167
488110888385352441480000136927
76305004126042091479980603153
83795424205077431479973928871
156955927956650371479907958093
86044361430939411479908302472
56846099890088091479906190902
75630030709756871480096354016
0262770761804298481479969053357
2974395689882091479897550767
49800270280293371479929467252
81820996992462861479901373974
292157973628491161479895817620
44215693840002171479907782535
90754077123932841480079549652
0233746290728922281479895712810
148812810394136851479905139395
82047009427551991480003095051
89568603292404191479896262572
77466858988855281479895787775
81515321383029861480014500920
7979745985859851479948214662
52859058385920381479995450543
76229441966906571479995622284
494963541876802361479925645923
99935105255854721480071223779
12862986241005371479987648351
087771730905483511479989973494
56860534967378241479870614242
29391758128408151479932737832
71724298027658141479889844533
84757218784027531480009937281
69419015636409931480000323631
71547298452093091480067368748
30769408508809161479986995964
49028997379355131479924115723
27454430148474461480007485883
0416853605937947961480066636594
36625197305218581479899387897
21269934718087691479996742014
53551796700752921479980819099
205110239052730851479841704877
9945389819234091479981155669
055606818837548031479907828681
225565693469257371479880747399
228638673622371781479906765523
32885508420966071479850753956
79550862322843721479900396569
93727395555323631479965504195
43602805711960691479988979214
045833896148666621480010236311
186950111015745431479963666040
78848603183403281479985123774
139473526534831471479903409112
96247761774556411479990339929
29192731609850921479920443493
78826242518861541479944625201
99029004731019211479882583970
79916548493629411479958900481
98516806524799061480086248818
99659872822229321479901652453
446043701863024561479901961791
14640767930036571479923950392
26211606484731441479989627265
191001311426025171479981987555
326234913445757171479957953340
0455633756153281941479995121117
63464256469486811479974012318
9710123988334091480014620217
43023248654211721479899786349
51734973888816431479980873936
79020588412054421479899726264
395476383085239471479984357201
8953563342214011480082860977
52621498988241891479960139973
185422981101949661479847930124
97078727327950261479887618967
76026798235212861479987021246
17454461986574721480030291969
87514789670557481479873549975
312158100046437741479974250543
21880041608158131479986658005
93463508019559051480086443386
318884225742778641479900477655
58930155999097411479971508601
122605108905367691479979515603
89159645287325341479972494169
48935171227265251480080717005
376861673268698241479975608549
375017609868915971480061997296
091896242457194081479983789280
152112484676763421479965662766
67018770810621221480085086318
86312100638307591480008557523
92827695192740881479989298568
94057471642941251479886835301
218782664028580381479901478916
18392760580216971480095338000
26247563245782591480054926617
256227819203661480062837080
79186235937087761479904564176
72649436463699991479841059317
61846685194518131479921883484
31775551150957691479903523816
74329294122282621479968094879
73998273981260181479922323049
6914144913102361479896724842
457943408517166971479964435622
197007434313793531479975635109
403079593535210941479853422087
80546434450413141479889427235
426388351104392441479887096483
164429868950125351480057337732
151879291515797381479982830778
087498982671065931479990626758
203927810002738631479894193380
275144605131506961480013200938
6969440262783551479887094715
90881954555927851480016930284
94442614629150531479887706414
96068621439344911479867406585
33702878557175221479976600866
193233646378107911479908168922
1524455212587291480095728246
7168805559154091479897530744
088113457219682671479923001374
38940502724788351479996130689
9972788499317741479892807146
94016662000820081479936084223
45236204994116381479938326515
300168904902563761479985236312
81033559826638471479890816319
6290707096761051479988823760
56523637423918571479891327639
65124043324210781479910603633
56498500489839291479907608615
17178321390351071479983854597
67101308271126971479896880641
89194375067017971479988779941
8928844847250731479897037889
80874093583617751480075609837
111043103747534341479980249484
52621336336612971479916357093
60004026659838021480011228287
178490894594129921479979220870
079507950550244731479875620076
8373478597831451480078383073
210672569431450191479922397828
98609064732194951480037618272
0457771493445933151480077512903
81226036772060531480018376477
0325730965950763451479996810330
59600308382208241480045829311
099794274174048071479908471734
430479465133650541480051080968
43075016217647181479982351153
74982017115689811480076440386